realTime=1s,RSS=412.2578125MB,PSS=409.005859375MB,VmSize=448.87890625MB
realTime=2s,RSS=412.2578125MB,PSS=409.005859375MB,VmSize=448.87890625MB
