realTime=1s,RSS=1025.56640625MB,PSS=1024.37402344MB,VmSize=1036.5546875MB
realTime=2s,RSS=1025.56640625MB,PSS=1024.37402344MB,VmSize=1036.5546875MB
realTime=3s,RSS=1025.56640625MB,PSS=1024.37402344MB,VmSize=1036.5546875MB
